![wpn_desert_eagle]
fuzz_recoil=wpn_desert_eagle_fuzz_recoil
[wpn_desert_eagle_fuzz_recoil]
cam_max_angle=0.99989998340607
force_z=0.012000000104308
force_yaw=16.569999694824
shot_delay_time=0.10000000149012
pull_force=1.7999999523163
shot_cam_impulse_factor=1
handling_speed=0.64999997615814
burst_class=pistol
desync_hud=true
cam_recoil_power=6
force_y=-0.079999998211861
is_bolt_action=false
force_x=0.00056999997468665
pitch_frac=0.9200000166893
zoom_ratio=0.87500005960464
shot_delay_enabled=true
cam_return_speed=1.2000000476837
force_pitch=16
fire_interval=0.54545454545455
firing_damping=1

![wpn_eft_rsh12]
fuzz_recoil=wpn_eft_rsh12_fuzz_recoil
[wpn_eft_rsh12_fuzz_recoil]
cam_max_angle=1
force_z=0.0097500002011657
force_yaw=12.75
shot_delay_time=0.25999999046326
pull_force=1.7999999523163
shot_cam_impulse_factor=1.0089999437332
handling_speed=0.64999997615814
burst_class=pistol
desync_hud=true
cam_recoil_power=7
force_y=-0.060000002384186
is_bolt_action=false
force_x=0
pitch_frac=0.75
zoom_ratio=0.5
shot_delay_enabled=true
cam_return_speed=-1
force_pitch=12.75
fire_interval=0.85714285714286
firing_damping=1

![wpn_mp412]
fuzz_recoil=wpn_mp412_fuzz_recoil
[wpn_mp412_fuzz_recoil]
cam_max_angle=0.1879999935627
force_z=0.0074999998323619
force_yaw=10.5
shot_delay_time=0.10000000149012
pull_force=1.2999999523163
shot_cam_impulse_factor=1.1380000114441
handling_speed=0.30000001192093
burst_class=pistol
desync_hud=true
cam_recoil_power=4
force_y=-0.03999999910593
is_bolt_action=false
force_x=0.0010000000474975
pitch_frac=0.80000001192093
zoom_ratio=0.77500003576279
shot_delay_enabled=true
cam_return_speed=2
force_pitch=9.5
fire_interval=0.30000002288819
firing_damping=1
